SFID
10
14
15
18
19
25
26
28
31
32
35
36
39
42
43
44
49
56
57
60
61
64
68
73
74
79
85
98
103
114
121
122
127
134
142
144
146
151
152
158
160
162
163
171
176
177
185
187
188
191
193
196
203
217
225
226
241
244
247
249
259
260
262
265
269
276
279
301
304
307
308
309
310
311
312
313
314
315
316
317
318
319
321
324
325
331
332
334
336
337
338
339
340
341
345
347
349
353
354
356
366
367
379
393
397
405
410
411
412
413
417
418
425
426
439
450
503
504
505
506
510
512
524
528
538
541
542
551
561
578
584
586
620
623
625
628
639
645
655
660
682
684
701
702
703
708
710
711
719
723
725
726
728
805
806
807
808
809
5001
5002
5003
5007
5008
5009
5010
5011
5012
5013
5060
5080
5099
5202
5262
5280
5282
5293